  nn  ne  nd  nfd
   5   4  15  12
 
   NODE   X-COORD   Y-COORD   Z-COORD
     1    0.00000   0.00000   3.00000
     2    0.00000   0.00000  -3.00000
     3    0.00000  -5.00000   0.00000
     4    0.00000   3.00000   3.00000
     5    4.00000   0.00000   0.00000
 
   ELEMENT   NODE1   NODE2         E         AREA
      1         1      5    0.15000E+09  0.40000E-03
      2         2      5    0.15000E+09  0.40000E-03
      3         3      5    0.15000E+09  0.40000E-03
      4         4      5    0.15000E+09  0.40000E-03
 
     约束自由度号:
    1  2  3  4  5  6  7  8  9 10
   11 12
 
   NODE      X-LOAD       Y-LOAD       Z-LOAD
     1   0.00000E+00  0.00000E+00  0.00000E+00
     2   0.00000E+00  0.00000E+00  0.00000E+00
     3   0.00000E+00  0.00000E+00  0.00000E+00
     4   0.00000E+00  0.00000E+00  0.00000E+00
     5   0.00000E+00 -0.10000E+02  0.15000E+02
 
   NODE      X-DISP      Y-DISP      Z-DISP
     1   0.00000E+00  0.00000E+00  0.00000E+00
     2   0.00000E+00  0.00000E+00  0.00000E+00
     3   0.00000E+00  0.00000E+00  0.00000E+00
     4   0.00000E+00  0.00000E+00  0.00000E+00
     5   0.35705E-03 -0.18294E-02  0.18726E-02
 
   ELEMENT      FORCE
      1    -0.10055E+02
      2     0.16910E+02
      3    -0.11296E+02
      4     0.22920E+01
