  nn  ne  nd  nfd  nf
   4   3  12   6   2
 
   NODE   X-COORD   Y-COORD
     1    0.00000   0.00000
     2    0.00000   4.00000
     3    6.00000   0.00000
     4    6.00000   4.00000
 
   ELEMENT  NODE1  NODE2         E          AREA         ei
      1       1       2   0.20000E+12  0.10000E-01  0.10000E-03
      2       2       4   0.20000E+12  0.10000E-01  0.10000E-03
      3       3       4   0.20000E+12  0.10000E-01  0.10000E-03
 
     约束自由度号:
    1  2  3  7  8  9
 
                        单元节点载荷
   NODE      X-LOAD      Y-LOAD       MOMENT
     1   0.00000E+00  0.00000E+00  0.00000E+00
     2   0.30000E+05  0.00000E+00  0.00000E+00
     3   0.00000E+00  0.00000E+00  0.00000E+00
     4   0.00000E+00  0.00000E+00 -0.10000E+06
 
                        单元非节点载荷
   ELEMENT        RXI          RYI          MI          RXJ          RYJ          MJ
      1     0.00000E+00  0.10000E+05  0.66667E+04  0.00000E+00  0.10000E+05 -0.66667E+04
      2     0.00000E+00  0.35000E+05  0.37500E+05  0.00000E+00  0.35000E+05 -0.37500E+05
 
                    节点位移
   NODE      X-DISP      Y-DISP        ROT
     1   0.00000E+00  0.00000E+00  0.00000E+00
     2   0.12315E-01 -0.23819E-04 -0.28918E-02
     3   0.00000E+00  0.00000E+00  0.00000E+00
     4   0.12268E-01 -0.11618E-03 -0.40662E-02
 
                     计算所得节点力
   NODE      X-LOAD      Y-LOAD       MOMENT
     1  -0.24492E+05  0.11909E+05  0.63442E+05
     2   0.40000E+05 -0.35000E+05 -0.30833E+05
     3  -0.15509E+05  0.58091E+05  0.51349E+05
     4  -0.41932E-01 -0.35000E+05 -0.62500E+05
 
                        单元内力
   ELEMENT        FXI          FYI          MZI          FXJ          FYJ          MZJ
      1     0.11909E+05  0.34492E+05  0.70109E+05 -0.11909E+05 -0.14492E+05  0.27857E+05
      2     0.15509E+05  0.11909E+05 -0.27857E+05 -0.15509E+05  0.58091E+05 -0.11069E+06
      3     0.58091E+05  0.15509E+05  0.51349E+05 -0.58091E+05 -0.15509E+05  0.10687E+05
