   1.00000000000000        1.00000000000000     
          10          10
   220000000000.000       0.300000000000000       1.000000000000000E-002
   60000.0000000000     
   0.00000000E+00  0.00000000E+00  0.00000000E+00  0.00000000E+00  0.00000000E+00  0.00000000E+00
   0.00000000E+00  0.00000000E+00  0.00000000E+00  0.00000000E+00  0.00000000E+00  0.00000000E+00
   0.11779925E-02  0.21530208E-02  0.28495422E-02  0.32581796E-02  0.33919136E-02  0.32581796E-02
   0.28495422E-02  0.21530208E-02  0.11779925E-02  0.00000000E+00  0.00000000E+00  0.21530208E-02
   0.39522326E-02  0.52495354E-02  0.60162815E-02  0.62682508E-02  0.60162815E-02  0.52495354E-02
   0.39522326E-02  0.21530208E-02  0.00000000E+00  0.00000000E+00  0.28495422E-02  0.52495354E-02
   0.69951619E-02  0.80343743E-02  0.83772879E-02  0.80343743E-02  0.69951619E-02  0.52495354E-02
   0.28495422E-02  0.00000000E+00  0.00000000E+00  0.32581796E-02  0.60162815E-02  0.80343743E-02
   0.92418686E-02  0.96414598E-02  0.92418686E-02  0.80343743E-02  0.60162815E-02  0.32581796E-02
   0.00000000E+00  0.00000000E+00  0.33919136E-02  0.62682508E-02  0.83772879E-02  0.96414598E-02
   0.10060236E-01  0.96414598E-02  0.83772879E-02  0.62682508E-02  0.33919136E-02  0.00000000E+00
   0.00000000E+00  0.32581796E-02  0.60162815E-02  0.80343743E-02  0.92418686E-02  0.96414598E-02
   0.92418686E-02  0.80343743E-02  0.60162815E-02  0.32581796E-02  0.00000000E+00  0.00000000E+00
   0.28495422E-02  0.52495354E-02  0.69951619E-02  0.80343743E-02  0.83772879E-02  0.80343743E-02
   0.69951619E-02  0.52495354E-02  0.28495422E-02  0.00000000E+00  0.00000000E+00  0.21530208E-02
   0.39522326E-02  0.52495354E-02  0.60162815E-02  0.62682508E-02  0.60162815E-02  0.52495354E-02
   0.39522326E-02  0.21530208E-02  0.00000000E+00  0.00000000E+00  0.11779925E-02  0.21530208E-02
   0.28495422E-02  0.32581796E-02  0.33919136E-02  0.32581796E-02  0.28495422E-02  0.21530208E-02
   0.11779925E-02  0.00000000E+00  0.00000000E+00  0.00000000E+00  0.00000000E+00  0.00000000E+00
   0.00000000E+00  0.00000000E+00  0.00000000E+00  0.00000000E+00  0.00000000E+00  0.00000000E+00
   0.00000000E+00
  1.006023556893290E-002
