  nn  ne  nd  nfd nfq           e           v           h
   6   2  12   4   1     0.22000E+12  0.30000E+00  0.10000E+00
 
   NODE   X-COORD   Y-COORD
     1    0.00000   0.00000
     2    1.00000   0.00000
     3    2.00000   0.00000
     4    0.00000   1.00000
     5    1.00000   1.00000
     6    2.00000   1.00000
 
   ELEMENT    NODE1  NODE2  NODE3  NODE4
      1         1      2      5      4
      2         2      3      6      5
 
     约束自由度号:
    1  2  7  8
 
                        单元节点载荷
   NODE      X-LOAD      Y-LOAD
     1   0.00000E+00  0.00000E+00
     2   0.00000E+00  0.00000E+00
     3   0.00000E+00  0.00000E+00
     4   0.00000E+00  0.00000E+00
     5   0.00000E+00  0.00000E+00
     6   0.00000E+00 -0.10000E+03
                    节点位移
   NODE      X-DISP       Y-DISP
     1   0.00000E+00  0.00000E+00
     2  -0.27739E-07 -0.39940E-07
     3  -0.36127E-07 -0.11233E-06
     4   0.00000E+00  0.00000E+00
     5   0.27412E-07 -0.38848E-07
     6   0.37408E-07 -0.11878E-06
 
                                            单元应力 
   ELEMENT        STX          STY         STXY          ST1          ST2          STA
      1    -0.98357E-03  0.12003E+03 -0.10000E+04  0.10618E+04 -0.94179E+03 -0.75543E+00
      2    -0.19885E-02 -0.58969E+03 -0.10000E+04  0.74772E+03 -0.13374E+04  0.64204E+00
