  nn  ne  nd  nfd  nf  nfq
   3   2  18  12   2   0
 
   NODE   X-COORD   Y-COORD   Z-COORD
     1    0.00000   0.00000   0.00000
     2    2.40000   0.00000   0.00000
     3    2.40000   0.00000  -2.40000
 
   ELEMENT   NODE1   NODE2   NODEV        E          AREA          EIX         EIZ         EG          EJ
      1         1      2      4    0.21000E+12  0.50000E-02  0.12000E-04  0.30000E-04  0.90000E+11  0.26000E-04
      2         2      3      5    0.21000E+12  0.50000E-02  0.12000E-04  0.30000E-04  0.90000E+11  0.26000E-04
 
   V-NODE   X-COORD   Y-COORD   Z-COORD
       4    0.00000   2.00000   0.00000
       5    2.40000   2.00000   0.00000
 
     约束自由度号:
    1  2  3  4  5  6 13 14 15 16
   17 18
 
                        单元节点载荷
   NODE      X-LOAD      Y-LOAD       Z-LOAD         MX           MY          MZ
     1   0.00000E+00  0.00000E+00  0.00000E+00  0.00000E+00  0.00000E+00  0.00000E+00
     2   0.00000E+00  0.00000E+00  0.00000E+00  0.00000E+00  0.00000E+00  0.00000E+00
     3   0.00000E+00  0.00000E+00  0.00000E+00  0.00000E+00  0.00000E+00  0.00000E+00
 
                        单元非节点载荷
   ELEMENT             RX           RY           RZ           MX          MY           MZ
      1(LEFT)     0.00000E+00  0.50000E+04  0.00000E+00  0.00000E+00  0.00000E+00  0.30000E+04
      (RIGHT)     0.00000E+00  0.50000E+04  0.00000E+00  0.00000E+00  0.00000E+00 -0.30000E+04
      2(LEFT)     0.00000E+00  0.18000E+05  0.00000E+00  0.00000E+00  0.00000E+00  0.72000E+04
      (RIGHT)     0.00000E+00  0.18000E+05  0.00000E+00  0.00000E+00  0.00000E+00 -0.72000E+04
 
                    节点位移与转角
   NODE      X-DISP       Y-DISP      Z-DISP        ROT-X        ROT-Y       ROT-Z
     1   0.00000E+00  0.00000E+00  0.00000E+00  0.00000E+00  0.00000E+00  0.00000E+00
     2   0.00000E+00 -0.50029E-02  0.00000E+00  0.22337E-02  0.00000E+00 -0.25997E-02
     3   0.00000E+00  0.00000E+00  0.00000E+00  0.00000E+00  0.00000E+00  0.00000E+00
                        单元内力
   ELEMENT              FX           FY           FZ           MX           MY          MZ
      1(LEFT)     0.00000E+00  0.15299E+05  0.00000E+00 -0.21778E+04  0.00000E+00  0.22183E+05
      (RIGHT)     0.00000E+00 -0.52990E+04  0.00000E+00  0.21778E+04  0.00000E+00  0.25347E+04
      2(LEFT)     0.00000E+00  0.52990E+04  0.00000E+00  0.25347E+04  0.00000E+00 -0.21778E+04
      (RIGHT)     0.00000E+00  0.30701E+05  0.00000E+00 -0.25347E+04  0.00000E+00 -0.28305E+05
