  nn  ne  nd  nfd nfq           e           v
  12   2  36  12   1     0.22000E+12  0.30000E+00
 
   NODE   X-COORD   Y-COORD   Z-COORD
     1    0.00000   0.00000   0.00000
     2    1.00000   0.00000   0.00000
     3    2.00000   0.00000   0.00000
     4    2.00000   1.00000   0.00000
     5    1.00000   1.00000   0.00000
     6    0.00000   1.00000   0.00000
     7    0.00000   0.00000   1.00000
     8    1.00000   0.00000   1.00000
     9    2.00000   0.00000   1.00000
    10    2.00000   1.00000   1.00000
    11    1.00000   1.00000   1.00000
    12    0.00000   1.00000   1.00000
 
   ELEMENT    NODE1  NODE2  NODE3  NODE4  NODE5  NODE6  NODE7  NODE8
      1         1      2      5      6      7      8     11     12
      2         2      3      4      5      8      9     10     11
 
     约束自由度号:
    1  2  3 16 17 18 19 20 21 34
   35 36
 
                        单元节点载荷
   NODE      X-LOAD      Y-LOAD      Z-LOAD
     1   0.00000E+00  0.00000E+00  0.00000E+00
     2   0.00000E+00  0.00000E+00  0.00000E+00
     3   0.00000E+00  0.00000E+00  0.00000E+00
     4   0.00000E+00  0.00000E+00  0.00000E+00
     5   0.00000E+00  0.00000E+00  0.00000E+00
     6   0.00000E+00  0.00000E+00  0.00000E+00
     7   0.00000E+00  0.00000E+00  0.00000E+00
     8   0.00000E+00  0.00000E+00  0.00000E+00
     9   0.00000E+00  0.00000E+00 -0.10000E+04
    10   0.00000E+00  0.00000E+00  0.00000E+00
    11   0.00000E+00  0.00000E+00  0.00000E+00
    12   0.00000E+00  0.00000E+00  0.00000E+00
                    节点位移
   NODE      X-DISP       Y-DISP       Z-DISP
     1   0.00000E+00  0.00000E+00  0.00000E+00
     2  -0.26078E-07  0.14033E-07 -0.55748E-07
     3  -0.33765E-07  0.32099E-07 -0.13599E-06
     4  -0.33603E-07  0.35224E-07 -0.73427E-07
     5  -0.24105E-07  0.21559E-07 -0.18814E-07
     6   0.00000E+00  0.00000E+00  0.00000E+00
     7   0.00000E+00  0.00000E+00  0.00000E+00
     8   0.24991E-07 -0.14471E-07 -0.52303E-07
     9   0.37800E-07 -0.32985E-07 -0.15538E-06
    10   0.32167E-07 -0.32099E-07 -0.66708E-07
    11   0.24635E-07 -0.22737E-07 -0.20218E-07
    12   0.00000E+00  0.00000E+00  0.00000E+00
 
                                   单元应力
   ELEMENT        STX          STY         STZ          STXY          STYZ          STXZ
      1    -0.20591E-03 -0.77766E+01  0.10987E+03  0.12776E-02 -0.79987E+02 -0.10000E+04
      2    -0.48799E-03  0.48500E+01 -0.58339E+03  0.71396E-03  0.31820E+03 -0.10000E+04
