  nn  ne  nd  nfd  nf  nfq
   5   4  15  12   0   1
 
   NODE   X-COORD   Y-COORD
     1    0.00000   0.00000
     2   -1.00000   0.00000
     3    1.00000   0.00000
     4   -1.00000   1.00000
     5    1.00000   1.00000
 
   ELEMENT  NODE1  NODE2         E          AREA         ei
      1       1       2   0.10000E+01  0.16970E+02  0.10000E+01
      2       1       3   0.10000E+01  0.16970E+02  0.10000E+01
      3       1       4   0.10000E+01  0.16970E+02  0.10000E+01
      4       1       5   0.10000E+01  0.16970E+02  0.10000E+01
 
     约束自由度号:
    4  5  6  7  8  9 10 11 12 13
   14 15
 
                        单元节点载荷
   NODE      X-LOAD      Y-LOAD       MOMENT
     1   0.00000E+00 -0.10000E+01  0.00000E+00
     2   0.00000E+00  0.00000E+00  0.00000E+00
     3   0.00000E+00  0.00000E+00  0.00000E+00
     4   0.00000E+00  0.00000E+00  0.00000E+00
     5   0.00000E+00  0.00000E+00  0.00000E+00
 
                        单元非节点载荷
   ELEMENT        RXI          RYI          MI          RXJ          RYJ          MJ

 
                    节点位移
   NODE      X-DISP      Y-DISP        ROT
     1   0.00000E+00 -0.24850E-01  0.00000E+00
     2   0.00000E+00  0.00000E+00  0.00000E+00
     3   0.00000E+00  0.00000E+00  0.00000E+00
     4   0.00000E+00  0.00000E+00  0.00000E+00
     5   0.00000E+00  0.00000E+00  0.00000E+00
 
                        单元内力
   ELEMENT        FXI          FYI          MZI          FXJ          FYJ          MZJ
      1     0.00000E+00  0.29819E+00  0.14910E+00  0.00000E+00 -0.29819E+00  0.14910E+00
      2     0.00000E+00 -0.29819E+00 -0.14910E+00  0.00000E+00  0.29819E+00 -0.14910E+00
      3    -0.21085E+00  0.74549E-01  0.52714E-01  0.21085E+00 -0.74549E-01  0.52714E-01
      4    -0.21085E+00 -0.74549E-01 -0.52714E-01  0.21085E+00  0.74549E-01 -0.52714E-01
